21.345 26.5225 : 22.575 24.8925
34.265 15.9625 : 36.615 17.732499999999998
14.125000000000002 7.6025 : 15.615000000000002 5.6325
22.865 24.572499999999998 : 25.195 21.482499999999998
5.055 35.462500000000006 : 6.005 34.2025
27.605 17.8825 : 30.384999999999998 14.2025
19.465 28.732499999999998 : 21.155 26.4925
20.205 28.0825 : 22.105 25.572499999999998
13.865 7.9125 : 15.595 5.6125
34.275000000000006 15.9525 : 35.955000000000005 17.2225
11.925 10.4625 : 13.485000000000001 8.3925
23.925 22.912499999999998 : 24.825 21.6825
22.305 6.9025 : 25.134999999999998 9.0425
32.015 19.2025 : 34.23500000000001 16.262500000000003
20.665 15.0225 : 25.505 18.6725
1.615 40.0825 : 2.6149999999999998 38.752500000000005
28.495 28.6325 : 31.465 24.6925
28.134999999999998 30.0125 : 28.915 28.982499999999998
28.215 16.9525 : 29.945 14.572500000000002
22.865 24.5325 : 25.165 21.4725
10.025 28.6125 : 11.175 27.0825
19.805 28.2925 : 21.155 26.5025
14.445 21.3925 : 17.064999999999998 17.9225
22.805 24.4525 : 23.775 23.1125
24.724999999999998 14.9525 : 27.005 11.922500000000001
19.425 28.732499999999998 : 21.134999999999998 26.4625
10.045000000000002 28.6425 : 12.225000000000001 25.7425
36.705000000000005 24.9925 : 38.025000000000006 23.232499999999998
22.905 24.2725 : 23.735 23.1325
21.585 6.2025 : 24.855 8.6625
28.485 28.5925 : 30.915 30.4225
28.485 28.5825 : 31.445 24.6525
32.755 32.0225 : 35.695 28.1125
37.765 28.2025 : 39.465 25.9525
30.405 30.0825 : 32.875 31.9425
21.575 6.2125 : 23.755 7.8525
14.735000000000001 6.7725 : 16.544999999999998 4.3725000000000005
29.005 15.902500000000002 : 30.395 13.992500000000001
23.564999999999998 15.332500000000001 : 26.005 12.092500000000001
6.955 32.9225 : 8.155000000000001 31.322499999999998
20.185 28.0525 : 22.564999999999998 24.8925
26.285 28.8925 : 28.845 30.822499999999998
21.835 6.5825 : 23.695 7.9825
1.805 39.8125 : 2.625 38.722500000000004
30.705 20.7925 : 34.325 15.982500000000002
37.80500000000001 28.322499999999998 : 39.515 26.0525
28.155 30.0425 : 28.915 29.0325
16.275 19.0425 : 17.995 16.6725
14.095 25.9725 : 18.805 29.5225
11.055000000000001 27.232499999999998 : 12.175 25.7425
22.995 16.9925 : 24.224999999999998 17.982499999999998
32.725 14.822500000000002 : 34.055 15.822500000000002
24.275 27.3325 : 28.175 30.2725
30.465 30.1025 : 32.875 31.9225
15.595 38.8125 : 20.195 42.2725
15.835 25.8825 : 19.025 21.6425
36.085 30.3725 : 37.815000000000005 28.0825
28.724999999999998 16.2825 : 29.794999999999998 14.852500000000001
18.205 36.3325 : 21.505 38.822500000000005
20.634999999999998 15.0425 : 26.634999999999998 19.5625
13.425 41.682500000000005 : 17.115 44.462500000000006
26.485 9.932500000000001 : 27.755 10.892500000000002
13.555000000000001 23.9525 : 15.465000000000002 21.4225
19.205 17.0225 : 20.075 15.9425
1.7049999999999998 41.3325 : 2.8249999999999997 42.17250000000001
9.085 30.0825 : 10.135000000000002 28.732499999999998
30.925 20.7025 : 34.475 15.992500000000001
29.215 28.072499999999998 : 30.224999999999998 26.6825
30.845 20.6125 : 34.335 15.982500000000002
37.445 28.8525 : 39.585 26.0125
15.005 26.6225 : 18.095 28.9525
13.495000000000001 17.4725 : 14.795000000000002 18.4525
0.525 40.862500000000004 : 1.305 39.862500000000004
4.965 35.602500000000006 : 6.945 32.9825
21.825 21.6725 : 23.884999999999998 23.232499999999998
13.895000000000001 42.0825 : 15.285000000000002 43.1325
17.935 18.7025 : 19.035 17.2925
23.585 15.3625 : 26.055 12.082500000000001
24.384999999999998 27.1825 : 28.884999999999998 30.572499999999998
19.915 33.1225 : 23.884999999999998 36.112500000000004
4.355 42.0225 : 5.325 40.74250000000001
9.985000000000001 28.5425 : 10.925 27.2425
28.185 22.1725 : 31.445 24.6325
25.185 33.9525 : 26.265 32.5225
24.415 27.1725 : 27.695 29.6425
38.425000000000004 27.4925 : 39.675000000000004 25.8325
16.205 25.6425 : 17.064999999999998 24.5425
19.595 22.0825 : 21.055 23.1825
11.535 15.812500000000002 : 12.675 16.7025
18.925 29.7625 : 20.015 28.322499999999998
13.425 25.4225 : 15.535000000000002 27.0125
7.385 45.8325 : 9.585 47.49250000000001
19.044999999999998 21.6725 : 20.825 23.0125
13.435 41.7325 : 16.055 43.7025
28.925 28.3625 : 32.055 24.2125
28.595 21.6325 : 32.065000000000005 24.252499999999998
0.535 40.8825 : 1.325 39.8725
7.275 32.5725 : 7.975 31.572499999999998
8.345 46.4025 : 10.155000000000001 47.67250000000001
24.455 19.1125 : 25.715 20.0625
33.525000000000006 31.072499999999998 : 35.475 28.482499999999998
23.134999999999998 7.5225 : 24.335 8.4225
22.445 30.3925 : 26.735 33.6325
26.224999999999998 12.8825 : 27.005 11.8825
12.645000000000001 18.662499999999998 : 16.365 13.722500000000002
8.485000000000001 30.8825 : 9.285 29.8525
15.635000000000002 38.7625 : 19.205 41.4525
11.195 15.572500000000002 : 13.145000000000001 12.982500000000002
36.715 25.0125 : 39.895 20.8025
28.555 28.7025 : 31.965 31.2725
10.015 28.5425 : 10.805000000000001 27.482499999999998
11.165000000000001 15.562500000000002 : 13.175 12.892500000000002
17.415 40.2325 : 19.305 41.6625
25.185 18.4525 : 26.625 19.5425
22.875 30.8025 : 26.634999999999998 33.6325
19.015 21.6725 : 20.455 22.7625
18.495 36.3825 : 21.205 38.42250000000001
30.724999999999998 20.822499999999998 : 33.575 17.0425
13.465000000000002 41.6225 : 17.215 44.4525
16.775 24.6425 : 19.035 21.6425
19.485 16.642500000000002 : 20.735 15.102500000000001
28.175 22.2225 : 31.465 24.7025
20.814999999999998 33.642500000000005 : 23.945 36.002500000000005
17.895 18.7725 : 21.285 21.322499999999998
13.165000000000001 17.982499999999998 : 16.365 13.742500000000001
5.345 40.74250000000001 : 6.555 41.6525
10.025 28.6325 : 11.095 27.2125
7.385 45.852500000000006 : 10.295000000000002 48.042500000000004
36.98500000000001 29.1725 : 39.575 25.7425
22.335 20.412499999999998 : 23.745 18.5325
13.495000000000001 41.612500000000004 : 17.245 44.432500000000005
22.785 7.0825000000000005 : 24.134999999999998 8.1025
23.875 22.912499999999998 : 25.294999999999998 21.0225
22.505 16.4125 : 23.605 17.2425
13.025 44.362500000000004 : 15.665000000000001 46.352500000000006
16.465 24.9925 : 18.025 22.9225
3.415 42.8325 : 4.825 43.892500000000005
20.745 26.2025 : 21.765 24.9425
36.30500000000001 30.3625 : 39.715 25.8325
17.794999999999998 35.9825 : 21.465 38.74250000000001
38.815000000000005 31.8325 : 40.715 29.2125
15.545000000000002 27.0525 : 17.075 28.2025
13.525 23.9425 : 14.655000000000001 22.4925
23.345 31.1925 : 26.655 33.6925
19.375 22.1125 : 20.794999999999998 23.1825
15.335 15.0525 : 16.345 13.7125
20.395 33.362500000000004 : 23.775 35.9125
7.235 42.1625 : 8.975000000000001 43.42250000000001
10.465000000000002 27.9025 : 11.695 26.2625
29.575 15.3025 : 30.724999999999998 13.7725
15.675 38.74250000000001 : 19.224999999999998 41.42250000000001
13.755 17.7425 : 15.115 18.7625
28.485 28.6325 : 31.465 24.6825
17.915 18.752499999999998 : 20.175 20.4525
20.655 5.6725 : 21.685 6.4525
5.585 40.0825 : 9.075000000000001 42.712500000000006
13.545000000000002 24.1925 : 15.165000000000001 25.412499999999998
31.085 25.572499999999998 : 31.965 24.3625
33.445 31.2825 : 34.495000000000005 29.8925
16.654999999999998 39.642500000000005 : 20.175 42.292500000000004
27.105 29.2525 : 28.855 30.572499999999998
25.025 21.6325 : 25.825 20.6125
28.985 21.8925 : 32.005 24.1725
13.735000000000001 44.9525 : 16.265 46.852500000000006
1.615 40.042500000000004 : 2.505 38.822500000000005
22.425 30.3325 : 25.895 32.9525
25.294999999999998 28.1425 : 27.525 29.822499999999998
20.765 26.2225 : 21.794999999999998 24.9525
36.465 30.6725 : 37.755 31.6825
13.955000000000002 17.8825 : 15.125000000000002 18.7625
28.185 22.1825 : 31.445 24.6425
5.625 40.0825 : 8.915000000000001 42.5625
2.995 43.852500000000006 : 4.285 42.0825
8.025 47.0825 : 8.595 46.0225
16.505 45.4025 : 17.345 44.292500000000004
18.064999999999998 27.6725 : 19.415 28.7225
15.805000000000001 25.8625 : 17.985 22.9625
12.555000000000001 24.982499999999998 : 13.435 23.822499999999998
13.465000000000002 17.5425 : 14.585 18.3825
16.064999999999998 25.8725 : 17.105 24.5325
7.665 42.4825 : 9.765 44.0125
2.8249999999999997 44.072500000000005 : 4.145 42.2625
13.445 17.3925 : 14.565000000000001 18.2425
25.165 33.9525 : 25.974999999999998 32.8825
19.395 16.7725 : 20.255 15.7025
15.285000000000002 46.0825 : 16.455 46.962500000000006
14.235000000000001 7.4725 : 15.185 6.2125
6.485 33.5525 : 7.905 31.732499999999998
17.794999999999998 35.892500000000005 : 20.525 37.9525
26.245 9.7025 : 27.695 10.832500000000001
23.575 15.3625 : 25.505 12.8025
4.445 43.612500000000004 : 5.465 44.4125
1.6949999999999998 41.3325 : 2.805 42.1625
41.565000000000005 28.3025 : 42.645 26.8625
13.855 23.6025 : 15.485000000000001 21.4325
15.965000000000002 39.102500000000006 : 20.195 42.292500000000004
17.785 35.9025 : 21.715 38.862500000000004
38.145 32.9525 : 39.005 31.7625
13.915000000000001 24.4225 : 15.845 25.8825
18.064999999999998 18.5225 : 19.235 17.0225
5.255 44.212500000000006 : 6.325 45.0525
3.415 42.8425 : 4.625 43.792500000000004
36.195 30.2425 : 38.705000000000005 32.2025
24.245 22.7625 : 24.995 21.7625
13.065000000000001 44.42250000000001 : 14.215000000000002 45.292500000000004
25.695 28.412499999999998 : 28.884999999999998 30.8125
22.105 30.2025 : 24.685 32.1525
34.715 16.3125 : 36.455000000000005 17.6225
9.245000000000001 29.9225 : 10.045000000000002 28.8925
25.875 13.3625 : 27.474999999999998 14.562500000000002
25.175 33.9525 : 26.255 32.5125
33.515 31.0225 : 35.715 28.1125
37.945 33.2425 : 38.695 32.2425
14.885000000000002 42.7025 : 17.205 44.4525
17.064999999999998 17.8925 : 18.735 15.682500000000001
19.925 33.0825 : 22.865 35.3025
16.765 39.572500000000005 : 19.465 41.612500000000004
38.825 31.8525 : 39.765 30.6425
23.745 17.5525 : 24.855 18.4225
32.615 32.2625 : 35.725 28.1325
15.705000000000002 26.072499999999998 : 17.474999999999998 27.4525
18.485 14.582500000000001 : 19.974999999999998 15.7025
8.785 30.5125 : 9.795000000000002 29.2225
19.085 26.2625 : 19.974999999999998 25.072499999999998
21.974999999999998 20.8425 : 23.745 18.4925
18.925 29.7125 : 20.365 27.8025
34.905 29.4025 : 36.165000000000006 27.732499999999998
27.595 14.7025 : 28.785 15.602500000000001
19.145 15.2125 : 20.224999999999998 16.0225
20.075 24.4025 : 21.044999999999998 23.1525
19.985 5.2025 : 24.755 8.7925
29.695 14.982500000000002 : 30.884999999999998 13.352500000000001
20.735 23.2025 : 21.515 22.1325
21.665 34.2725 : 22.855 35.17250000000001
1.645 41.4825 : 2.975 42.4825
14.565000000000001 26.1425 : 17.585 28.412499999999998
7.515 47.5125 : 9.215000000000002 45.2625
29.765 23.3925 : 31.455 24.6725
18.485 23.2625 : 19.925 24.3525
19.665 16.5325 : 20.595 15.4525
17.294999999999998 27.072499999999998 : 19.595 28.8125
12.105 10.2725 : 12.945 9.1925
20.044999999999998 5.2025 : 21.794999999999998 6.5225
19.855 16.4825 : 20.625 15.4625
26.915 14.0225 : 29.245 15.7725
18.735 36.5825 : 20.585 37.972500000000004
34.895 29.3925 : 36.025000000000006 27.9025
42.215 27.2725 : 42.965 26.2725
29.855 29.6325 : 31.995 31.2425
28.474999999999998 28.6125 : 31.445 24.6725
31.935 19.2025 : 32.815000000000005 18.0425
9.025 46.8725 : 10.475000000000001 47.972500000000004
11.205000000000002 15.492500000000001 : 12.535000000000002 13.732500000000002
39.73500000000001 30.4525 : 40.725 29.2225
20.515 16.302500000000002 : 21.535 17.0425
15.725000000000001 43.42250000000001 : 17.275 44.5925
16.625 27.7425 : 17.735 28.5825
21.675 21.3025 : 23.224999999999998 22.4725
29.695 27.3325 : 30.845 25.8025
11.465000000000002 15.2025 : 13.955000000000002 11.892500000000002
22.294999999999998 6.9225 : 23.425 7.7725
23.525 31.1725 : 25.905 32.962500000000006
38.765 22.2725 : 39.885000000000005 20.7925
19.665 28.4525 : 21.155 26.4725
15.875000000000002 19.1025 : 17.585 16.7425
15.725000000000001 27.0525 : 17.724999999999998 28.5525
8.365 46.3825 : 9.445 47.142500000000005
15.885000000000002 46.5625 : 16.615 45.5525
13.735000000000001 17.6725 : 15.165000000000001 18.7425
41.565000000000005 28.2725 : 42.335 27.2525
13.755 11.7725 : 14.805000000000001 12.6225
40.585 29.662499999999998 : 41.635000000000005 28.322499999999998
22.095 30.232499999999998 : 23.465 31.2625
23.925 19.8425 : 25.105 20.7925
26.634999999999998 13.822500000000002 : 28.315 15.1325
41.825 27.982499999999998 : 42.655 26.8825
29.044999999999998 21.982499999999998 : 32.065000000000005 24.2625
8.475000000000001 46.792500000000004 : 9.545000000000002 47.602500000000006
15.885000000000002 46.5525 : 16.615 45.542500000000004
23.835 19.9625 : 25.155 20.9525
24.715 14.9525 : 26.995 11.922500000000001
31.015 30.5625 : 32.855000000000004 31.9525
23.535 17.1725 : 25.195 18.4225
36.80500000000001 24.5425 : 37.635000000000005 23.4425
37.015 29.1825 : 38.98500000000001 26.572499999999998
14.255 21.662499999999998 : 16.775 18.3125
16.535 27.6425 : 17.575 28.4225
37.945 33.212500000000006 : 38.795 32.042500000000004
21.605 6.2025 : 24.805 8.6125
20.134999999999998 16.982499999999998 : 21.265 15.482500000000002
41.415000000000006 28.1725 : 42.195 27.1425
25.145 14.342500000000001 : 26.015 13.1925
17.235 16.2425 : 18.415 14.6225
23.425 17.3325 : 24.985 18.5525
21.405 6.2125 : 22.974999999999998 7.4025
20.235 17.072499999999998 : 21.255 15.7125
8.385000000000002 46.542500000000004 : 9.395000000000001 45.212500000000006
13.435 41.67250000000001 : 14.765 42.67250000000001
3.465 42.972500000000004 : 4.475 43.7325
16.365 29.7425 : 17.785 30.8525
20.955 25.9325 : 22.015 24.6125
15.825000000000001 25.8825 : 17.005 24.3125
21.675 21.252499999999998 : 22.485 20.1725
17.665 25.1525 : 18.575 23.9325
38.55500000000001 32.1025 : 39.625 30.6825
37.655 23.2725 : 38.685 21.8025
30.675 23.1725 : 32.045 24.2125
19.965 24.3525 : 20.905 23.1025
37.775000000000006 28.072499999999998 : 38.73500000000001 26.8025
16.044999999999998 25.912499999999998 : 16.825 24.912499999999998
18.465 14.582500000000001 : 20.275 15.9425
15.865000000000002 26.1725 : 17.195 27.1725
13.805000000000001 41.8325 : 16.585 43.92250000000001
22.724999999999998 30.5525 : 24.555 31.9225
14.745000000000001 15.8625 : 16.365 13.7125
7.185 42.0525 : 8.375000000000002 42.9825
21.825 34.432500000000005 : 23.675 35.822500000000005
8.455 42.862500000000004 : 9.815000000000001 43.892500000000005
19.915 33.0825 : 21.585 34.3425
38.865 22.8025 : 39.645 21.7725
14.275 21.6825 : 16.525 18.6925
21.855 21.6725 : 22.905 22.4325
38.825 31.8625 : 39.695 30.7825
14.925 6.5125 : 16.544999999999998 4.3625
12.345 9.902500000000002 : 13.595 8.2425
37.05500000000001 30.982499999999998 : 38.665000000000006 32.192499999999995
20.615 23.072499999999998 : 21.435 21.982499999999998
19.384999999999998 21.9025 : 21.025 23.1425
1.645 41.472500000000004 : 2.665 42.24250000000001
37.945 33.2325 : 38.975 31.8625
28.625 21.6125 : 29.794999999999998 22.4925
20.224999999999998 16.9125 : 21.215 15.602500000000001
25.735 24.7625 : 27.715 22.1425
17.255 16.262500000000003 : 18.384999999999998 14.7025
36.195 30.2525 : 37.48500000000001 31.2625
14.005 17.8825 : 15.155000000000001 18.752499999999998
13.085 44.2625 : 14.725000000000001 45.502500000000005
13.195 25.2825 : 15.495000000000001 27.0225
18.064999999999998 22.982499999999998 : 19.064999999999998 21.6525
19.845 16.1825 : 20.724999999999998 15.0525
25.695 24.7625 : 27.035 22.982499999999998
28.915 28.3925 : 29.915 27.0625
15.575000000000001 5.6725 : 16.555 4.3725000000000005
26.925 29.0825 : 28.905 30.572499999999998
16.634999999999998 39.5825 : 18.794999999999998 41.212500000000006
29.775 27.322499999999998 : 30.775 25.9525
19.064999999999998 19.6425 : 21.835 21.732499999999998
40.865 26.1825 : 42.195 27.1925
22.974999999999998 19.502499999999998 : 23.735 18.4925
8.485000000000001 42.932500000000005 : 10.085 44.142500000000005
38.815000000000005 31.8125 : 39.865 30.3725
38.755 31.7725 : 39.615 30.6725
28.505 28.6325 : 29.685 29.5225
21.645 21.3125 : 23.205 22.4925
13.535000000000002 24.1425 : 14.575000000000001 24.9525
26.245 13.7025 : 29.155 15.812500000000002
38.795 21.8425 : 39.965 20.2825
1.9549999999999998 39.5825 : 2.905 38.322500000000005
17.055 24.662499999999998 : 18.564999999999998 25.8025
30.895 20.6725 : 33.035000000000004 17.8325
18.775 19.4425 : 20.064999999999998 20.412499999999998
7.385 45.862500000000004 : 9.195 47.2325
41.565000000000005 28.3125 : 42.655 26.8625
16.955 28.0625 : 18.575 29.322499999999998
14.295000000000002 16.442500000000003 : 16.195 13.922500000000001
24.474999999999998 19.1525 : 25.695 20.072499999999998
13.805000000000001 24.3825 : 15.795000000000002 25.8825
23.525 17.3925 : 25.005 18.5525
41.475 28.1725 : 42.215 27.162499999999998
19.055 29.6025 : 20.375 27.8525
8.905000000000001 46.8025 : 10.235000000000001 47.8025
26.485 29.0225 : 27.794999999999998 30.0125
11.315000000000001 26.8925 : 12.215000000000002 25.7425
11.645000000000001 14.9425 : 12.955000000000002 13.2025
33.265 17.4325 : 34.325 16.0225
25.955 13.2825 : 27.544999999999998 14.482500000000002
11.495000000000001 15.322500000000002 : 13.295000000000002 12.932500000000001
13.425 17.5225 : 14.485000000000001 18.322499999999998
19.064999999999998 26.232499999999998 : 19.974999999999998 25.0225
19.915 33.1325 : 20.995 33.9525
37.475 24.0225 : 38.445 22.732499999999998
11.485000000000001 15.3025 : 13.285000000000002 12.922500000000001
23.835 19.9225 : 24.884999999999998 20.7225
25.895 9.4425 : 27.075 10.3625
15.605 18.9225 : 16.465 17.7825
13.395000000000001 44.542500000000004 : 14.675 45.5125
15.645000000000001 38.752500000000005 : 16.785 39.612500000000004
37.095000000000006 25.6025 : 38.415000000000006 23.8525
5.595 40.102500000000006 : 7.925 41.852500000000006
18.505 23.2425 : 20.085 24.4325
41.435 28.162499999999998 : 42.205000000000005 27.1425
19.115 26.232499999999998 : 19.935 25.1425
16.654999999999998 18.0825 : 17.715 16.5725
11.485000000000001 15.2825 : 13.235000000000001 12.9625
38.835 22.7925 : 39.605000000000004 21.7725
30.855 25.8725 : 31.785 24.6025
36.30500000000001 30.322499999999998 : 37.255 29.0225
16.095 25.8925 : 17.285 26.7825
8.625000000000002 46.5825 : 9.785 47.4025
30.055 14.502500000000001 : 30.895 13.3825
14.715000000000002 42.542500000000004 : 16.904999999999998 44.1925
38.825 21.8525 : 39.975 20.322499999999998
36.445 30.6725 : 37.755 31.732499999999998
16.735 39.602500000000006 : 18.724999999999998 41.102500000000006
23.905 19.8625 : 25.055 20.7625
23.835 17.662499999999998 : 24.945 18.5325
34.895 16.4525 : 36.255 17.482499999999998
21.645 21.322499999999998 : 23.064999999999998 22.3925
12.635000000000002 18.6025 : 13.455000000000002 17.5125
5.915 34.3325 : 6.795 33.17250000000001
17.015 24.662499999999998 : 18.035 25.4325
15.585 38.852500000000006 : 17.325 40.1625
23.955 31.5425 : 26.065 33.1325
19.775 22.4225 : 20.965 23.322499999999998
4.035 42.6625 : 5.485 43.792500000000004
17.755 35.962500000000006 : 21.485 38.7725
7.415 45.8425 : 8.805000000000001 46.892500000000005
24.155 14.5525 : 26.015 12.082500000000001
24.445 19.1425 : 25.645 20.0525
9.245000000000001 29.8625 : 10.105 28.7625
34.885000000000005 29.3625 : 36.045 27.822499999999998
40.885000000000005 26.1725 : 41.98500000000001 26.9925
26.865 14.162500000000001 : 29.145 15.822500000000002
17.025 24.662499999999998 : 18.155 25.5125
36.315000000000005 30.322499999999998 : 37.48500000000001 28.7125
11.155000000000001 48.4825 : 12.195 49.24250000000001
13.595 44.8025 : 15.665000000000001 46.362500000000004
22.395 30.3425 : 23.535 31.2025
3.925 42.5525 : 5.345 43.6625
36.695 25.0125 : 37.595000000000006 23.822499999999998
13.295000000000002 25.3025 : 14.445 26.1725
30.915 20.7025 : 32.705000000000005 18.3325
12.315000000000001 9.992500000000001 : 13.155000000000001 8.9125
26.474999999999998 13.8025 : 28.465 15.3025
12.045000000000002 14.602500000000001 : 13.295000000000002 12.9425
16.415 29.7425 : 17.935 30.9325
40.875 26.2025 : 42.145 27.162499999999998
19.974999999999998 33.0225 : 21.044999999999998 33.822500000000005
16.075 25.9025 : 17.245 26.8125
13.545000000000002 17.4225 : 15.175 15.262500000000001
15.735000000000001 43.472500000000004 : 17.195 44.542500000000004
36.455000000000005 30.6725 : 37.785000000000004 31.7125
1.815 41.362500000000004 : 2.835 42.1625
25.335 32.6625 : 26.645 33.6525
16.305 18.5525 : 17.245 17.2225
30.365 22.9525 : 31.365 23.7025
19.375 21.9525 : 20.685 22.9425
8.665000000000001 30.6425 : 9.455000000000002 29.6325
28.175 22.2125 : 31.415 24.6525
15.715000000000002 38.7625 : 16.724999999999998 39.5225
20.945 33.8725 : 23.625 35.892500000000005
20.055 33.0625 : 21.544999999999998 34.182500000000005
17.755 35.9825 : 20.425 37.99250000000001
27.645 14.602500000000001 : 28.785 15.4625
36.30500000000001 30.3825 : 37.165000000000006 29.232499999999998
22.305 22.0325 : 23.724999999999998 23.1025
26.345 28.9525 : 27.965 30.1725
24.615 18.0125 : 26.575 19.4925
13.915000000000001 45.0625 : 15.315000000000001 46.112500000000004
37.515 23.3825 : 38.375 22.2425
29.025 29.0425 : 30.035 29.8025
37.535000000000004 28.4325 : 38.375 27.3125
26.465 13.7025 : 28.805 15.4625
22.544999999999998 6.9325 : 23.615 7.7425
38.135000000000005 23.0925 : 39.865 20.7925
37.215 25.4925 : 38.185 24.162499999999998
5.475 40.8425 : 6.535 41.642500000000005
38.80500000000001 21.8525 : 39.955000000000005 20.322499999999998
19.835 25.5125 : 20.835 26.2725
8.385000000000002 46.612500000000004 : 9.415000000000001 45.24250000000001
13.025 44.352500000000006 : 14.115 45.17250000000001
37.275000000000006 31.0825 : 38.445 31.9925
16.865 17.7925 : 17.695 16.6125
36.715 29.5825 : 39.55500000000001 25.822499999999998
8.505 42.9125 : 9.815000000000001 43.9025
15.745000000000001 43.502500000000005 : 17.115 44.49250000000001
22.765 16.642500000000002 : 24.055 17.6125
38.795 21.8525 : 39.925000000000004 20.3525
14.285000000000002 21.6525 : 15.625000000000002 19.8825
25.724999999999998 24.7625 : 26.785 23.3525
14.005 25.8825 : 15.255 26.822499999999998
17.294999999999998 16.222500000000004 : 18.345 14.7725
13.075000000000001 44.3025 : 14.145000000000001 45.0825
17.224999999999998 39.9425 : 19.425 41.602500000000006
24.925 32.2425 : 26.375 33.3325
40.875 26.1725 : 42.125 27.1125
22.634999999999998 22.2425 : 23.755 23.0825
28.945 28.4325 : 29.794999999999998 27.2625
20.485 37.9425 : 21.625 38.8025
34.885000000000005 29.3825 : 36.165000000000006 27.6825
4.305 42.8425 : 5.685 43.8825
18.855 36.6625 : 20.365 37.8025
36.905 29.5425 : 38.005 28.0925
13.255 19.2025 : 14.115 18.1025
30.875 20.6325 : 31.955 19.2025
21.835 34.42250000000001 : 23.224999999999998 35.472500000000004
25.945 13.4525 : 26.945 14.2025
13.425 41.67250000000001 : 16.085 43.682500000000005
25.705 24.7625 : 26.855 23.2425
19.955 33.0225 : 21.195 33.9525
11.485000000000001 15.322500000000002 : 12.555000000000001 13.892500000000002
15.585 38.8425 : 19.294999999999998 41.642500000000005
18.075 22.9725 : 19.035 21.7025
24.425 27.1725 : 25.425 27.9225
21.915 21.752499999999998 : 23.044999999999998 22.6025
13.475000000000001 41.6225 : 14.525 42.4125
24.485 31.9225 : 25.515 32.7025
36.945 29.4725 : 37.755 28.3625
23.345 23.9225 : 24.265 22.7025
28.235 22.2425 : 29.715 23.3525
38.98500000000001 21.9925 : 39.885000000000005 20.8025
27.935 14.832500000000001 : 29.215 15.8025
12.755 13.492500000000001 : 13.815000000000001 12.092500000000001
30.895 20.6825 : 34.175000000000004 16.3225
32.875 17.9525 : 34.165000000000006 16.2425
15.735000000000001 38.92250000000001 : 16.794999999999998 39.722500000000004
20.875 26.0325 : 21.745 24.9625
20.474999999999998 37.8825 : 21.525 38.67250000000001
