[[2134 2558 2257 2395]]
[[3426 1502 3661 1679]]
[[1412  666 1561  469]]
[[2286 2363 2519 2054]]
[[ 505 3452  600 3326]]
[[2760 1694 3038 1326]]
[[1946 2779 2115 2555]]
[[2020 2714 2210 2463]]
[[1386  697 1559  467]]
[[3427 1501 3595 1628]]
[[1192  952 1348  745]]
[[2392 2197 2482 2074]]
[[2230  596 2513  810]]
[[3201 1826 3423 1532]]
[[2066 1408 2550 1773]]
[[ 161 3914  261 3781]]
[[2849 2769 3146 2375]]
[[2813 2907 2891 2804]]
[[2821 1601 2994 1363]]
[[2286 2359 2516 2053]]
[[1002 2767 1117 2614]]
[[1980 2735 2115 2556]]
[[1444 2045 1706 1698]]
[[2280 2351 2377 2217]]
[[2472 1401 2700 1098]]
[[1942 2779 2113 2552]]
[[1004 2770 1222 2480]]
[[3670 2405 3802 2229]]
[[2290 2333 2373 2219]]
[[2158  526 2485  772]]
[[2848 2765 3091 2948]]
[[2848 2764 3144 2371]]
[[3275 3108 3569 2717]]
[[3776 2726 3946 2501]]
[[3040 2914 3287 3100]]
[[2157  527 2375  691]]
[[1473  583 1654  343]]
[[2900 1496 3039 1305]]
[[2356 1439 2600 1115]]
[[ 695 3198  815 3038]]
[[2018 2711 2256 2395]]
[[2628 2795 2884 2988]]
[[2183  564 2369  704]]
[[ 180 3887  262 3778]]
[[3070 1985 3432 1504]]
[[3780 2738 3951 2511]]
[[2815 2910 2891 2809]]
[[1627 1810 1799 1573]]
[[1409 2503 1880 2858]]
[[1105 2629 1217 2480]]
[[2299 1605 2422 1704]]
[[3272 1388 3405 1488]]
[[2427 2639 2817 2933]]
[[3046 2916 3287 3098]]
[[1559 3787 2019 4133]]
[[1583 2494 1902 2070]]
[[3608 2943 3781 2714]]
[[2872 1534 2979 1391]]
[[1820 3539 2150 3788]]
[[2063 1410 2663 1862]]
[[1342 4074 1711 4352]]
[[2648  899 2775  995]]
[[1355 2301 1546 2048]]
[[1920 1608 2007 1500]]
[[ 170 4039  282 4123]]
[[ 908 2914 1013 2779]]
[[3092 1976 3447 1505]]
[[2921 2713 3022 2574]]
[[3084 1967 3433 1504]]
[[3744 2791 3958 2507]]
[[1500 2568 1809 2801]]
[[1349 1653 1479 1751]]
[[  52 3992  130 3892]]
[[ 496 3466  694 3204]]
[[2182 2073 2388 2229]]
[[1389 4114 1528 4219]]
[[1793 1776 1903 1635]]
[[2358 1442 2605 1114]]
[[2438 2624 2888 2963]]
[[1991 3218 2388 3517]]
[[ 435 4108  532 3980]]
[[ 998 2760 1092 2630]]
[[2818 2123 3144 2369]]
[[2518 3301 2626 3158]]
[[2441 2623 2769 2870]]
[[3842 2655 3967 2489]]
[[1620 2470 1706 2360]]
[[1959 2114 2105 2224]]
[[1153 1487 1267 1576]]
[[1892 2882 2001 2738]]
[[1342 2448 1553 2607]]
[[ 738 4489  958 4655]]
[[1904 2073 2082 2207]]
[[1343 4079 1605 4276]]
[[2892 2742 3205 2327]]
[[2859 2069 3206 2331]]
[[  53 3994  132 3893]]
[[ 727 3163  797 3063]]
[[ 834 4546 1015 4673]]
[[2445 1817 2571 1912]]
[[3352 3013 3547 2754]]
[[2313  658 2433  748]]
[[2244 2945 2673 3269]]
[[2622 1194 2700 1094]]
[[1264 1772 1636 1278]]
[[ 848 2994  928 2891]]
[[1563 3782 1920 4051]]
[[1119 1463 1314 1204]]
[[3671 2407 3989 1986]]
[[2855 2776 3196 3033]]
[[1001 2760 1080 2654]]
[[1116 1462 1317 1195]]
[[1741 3929 1930 4072]]
[[2518 1751 2662 1860]]
[[2287 2986 2663 3269]]
[[1901 2073 2045 2182]]
[[1849 3544 2120 3748]]
[[3072 1988 3357 1610]]
[[1346 4068 1721 4351]]
[[1677 2370 1903 2070]]
[[1948 1570 2073 1416]]
[[2817 2128 3146 2376]]
[[2081 3270 2394 3506]]
[[1789 1783 2128 2038]]
[[1316 1704 1636 1280]]
[[ 534 3980  655 4071]]
[[1002 2769 1109 2627]]
[[ 738 4491 1029 4710]]
[[3698 2823 3957 2480]]
[[2233 1947 2374 1759]]
[[1349 4067 1724 4349]]
[[2278  614 2413  716]]
[[2387 2197 2529 2008]]
[[2250 1547 2360 1630]]
[[1302 4342 1566 4541]]
[[1646 2405 1802 2198]]
[[ 341 4189  482 4295]]
[[2074 2526 2176 2400]]
[[3630 2942 3971 2489]]
[[1779 3504 2146 3780]]
[[3881 3089 4071 2827]]
[[1554 2611 1707 2726]]
[[1352 2300 1465 2155]]
[[2334 3025 2665 3275]]
[[1937 2117 2079 2224]]
[[1533 1411 1634 1277]]
[[2039 3242 2377 3497]]
[[ 723 4122  897 4248]]
[[1046 2696 1169 2532]]
[[2957 1436 3072 1283]]
[[1567 3780 1922 4048]]
[[1375 1680 1511 1782]]
[[2848 2769 3146 2374]]
[[1791 1781 2017 1951]]
[[2065  473 2168  551]]
[[ 558 3914  907 4177]]
[[1354 2325 1516 2447]]
[[3108 2463 3196 2342]]
[[3344 3034 3449 2895]]
[[1665 3870 2017 4135]]
[[2710 2831 2885 2963]]
[[2502 2069 2582 1967]]
[[2898 2095 3200 2323]]
[[1373 4401 1626 4591]]
[[ 161 3910  250 3788]]
[[2242 2939 2589 3201]]
[[2529 2720 2752 2888]]
[[2076 2528 2179 2401]]
[[3646 2973 3775 3074]]
[[1395 1694 1512 1782]]
[[2818 2124 3144 2370]]
[[ 562 3914  891 4162]]
[[ 299 4291  428 4114]]
[[ 802 4614  859 4508]]
[[1650 4446 1734 4335]]
[[1806 2673 1941 2778]]
[[1580 2492 1798 2202]]
[[1255 2404 1343 2288]]
[[1346 1660 1458 1744]]
[[1606 2493 1710 2359]]
[[ 766 4154  976 4307]]
[[ 282 4313  414 4132]]
[[1344 1645 1456 1730]]
[[2516 3301 2597 3194]]
[[1939 1583 2025 1476]]
[[1528 4514 1645 4602]]
[[1423  653 1518  527]]
[[ 648 3261  790 3079]]
[[1779 3495 2052 3701]]
[[2624  876 2769  989]]
[[2357 1442 2550 1186]]
[[ 444 4267  546 4347]]
[[ 169 4039  280 4122]]
[[4156 2736 4264 2592]]
[[1385 2266 1548 2049]]
[[1596 3816 2019 4135]]
[[1778 3496 2171 3792]]
[[3814 3201 3900 3082]]
[[1391 2348 1584 2494]]
[[1806 1758 1923 1608]]
[[ 525 4327  632 4411]]
[[ 341 4190  462 4285]]
[[3619 2930 3870 3126]]
[[2424 2182 2499 2082]]
[[1306 4348 1421 4435]]
[[2569 2747 2888 2987]]
[[2210 2926 2468 3121]]
[[3471 1537 3645 1668]]
[[ 924 2898 1004 2795]]
[[2587 1242 2747 1362]]
[[2517 3301 2625 3157]]
[[3351 3008 3571 2717]]
[[3794 3230 3869 3130]]
[[1488 4176 1720 4351]]
[[1706 1695 1873 1474]]
[[1992 3214 2286 3436]]
[[1676 3863 1946 4067]]
[[3882 3091 3976 2970]]
[[2374 1661 2485 1748]]
[[3261 3132 3572 2719]]
[[1570 2513 1747 2651]]
[[1848 1364 1997 1476]]
[[ 878 2957  979 2828]]
[[1908 2532 1997 2413]]
[[2197 1990 2374 1755]]
[[1892 2877 2036 2686]]
[[3490 2846 3616 2679]]
[[2759 1376 2878 1466]]
[[1914 1427 2022 1508]]
[[2007 2346 2104 2221]]
[[1998  426 2475  785]]
[[2969 1404 3088 1241]]
[[2073 2226 2151 2119]]
[[2166 3333 2285 3423]]
[[ 164 4054  297 4154]]
[[1456 2520 1758 2747]]
[[ 751 4657  921 4432]]
[[2976 2245 3145 2373]]
[[1848 2232 1992 2341]]
[[1966 1559 2059 1451]]
[[1729 2613 1959 2787]]
[[1210  933 1294  825]]
[[2004  426 2179  558]]
[[1985 1554 2062 1452]]
[[2691 1308 2924 1483]]
[[1873 3564 2058 3703]]
[[3489 2845 3602 2696]]
[[4221 2633 4296 2533]]
[[2985 2869 3199 3030]]
[[2847 2767 3144 2373]]
[[3193 1826 3281 1710]]
[[ 902 4593 1047 4703]]
[[1120 1455 1253 1279]]
[[3973 2951 4072 2828]]
[[2051 1536 2153 1610]]
[[1572 4248 1727 4365]]
[[1662 2680 1773 2764]]
[[2167 2036 2322 2153]]
[[2969 2639 3084 2486]]
[[1146 1426 1395 1095]]
[[2229  598 2342  683]]
[[2352 3023 2590 3202]]
[[3876 2133 3988 1985]]
[[1966 2751 2115 2553]]
[[1587 1816 1758 1580]]
[[1572 2611 1772 2761]]
[[ 836 4544  944 4620]]
[[1588 4562 1661 4461]]
[[1373 1673 1516 1780]]
[[4156 2733 4233 2631]]
[[1375 1083 1480 1168]]
[[4058 2872 4163 2738]]
[[2209 2929 2346 3032]]
[[2392 1890 2510 1985]]
[[2663 1288 2831 1419]]
[[4182 2704 4265 2594]]
[[2904 2104 3206 2332]]
[[ 847 4585  954 4666]]
[[1588 4561 1661 4460]]
[[2383 1902 2515 2001]]
[[2471 1401 2699 1098]]
[[3101 2962 3285 3101]]
[[2353 1623 2519 1748]]
[[3680 2360 3763 2250]]
[[3701 2824 3898 2563]]
[[1425 2072 1677 1737]]
[[1653 2670 1757 2748]]
[[3794 3227 3879 3110]]
[[2160  526 2480  767]]
[[2013 1604 2126 1454]]
[[4141 2723 4219 2620]]
[[2514 1340 2601 1225]]
[[1723 1530 1841 1368]]
[[2342 1639 2498 1761]]
[[2140  527 2297  646]]
[[2023 1613 2125 1477]]
[[ 838 4560  939 4427]]
[[1343 4073 1476 4173]]
[[ 346 4203  447 4279]]
[[1636 2880 1778 2991]]
[[2095 2499 2201 2367]]
[[1582 2494 1700 2337]]
[[2167 2031 2248 1923]]
[[1766 2421 1857 2299]]
[[3855 3116 3962 2974]]
[[3765 2233 3868 2086]]
[[3067 2223 3204 2327]]
[[1996 2341 2090 2216]]
[[3777 2713 3873 2586]]
[[1604 2497 1682 2397]]
[[1846 1364 2027 1500]]
[[1586 2523 1719 2623]]
[[1380 4089 1658 4298]]
[[2272 2961 2455 3098]]
[[1474 1492 1636 1277]]
[[ 718 4111  837 4204]]
[[2182 3349 2367 3488]]
[[ 845 4192  981 4295]]
[[1991 3214 2158 3340]]
[[3886 2186 3964 2083]]
[[1427 2074 1652 1775]]
[[2185 2073 2290 2149]]
[[3882 3092 3969 2984]]
[[1492  557 1654  342]]
[[1234  896 1359  730]]
[[3705 3004 3866 3125]]
[[2061 2213 2143 2104]]
[[1938 2096 2102 2220]]
[[ 164 4053  266 4130]]
[[3794 3229 3897 3092]]
[[2862 2067 2979 2155]]
[[2022 1597 2121 1466]]
[[2573 2382 2771 2120]]
[[1725 1532 1838 1376]]
[[3619 2931 3748 3032]]
[[1400 1694 1515 1781]]
[[1308 4332 1472 4456]]
[[1319 2434 1549 2608]]
[[1806 2204 1906 2071]]
[[1984 1524 2072 1411]]
[[2569 2382 2703 2204]]
[[2891 2745 2991 2612]]
[[1557  473 1655  343]]
[[2692 2814 2890 2963]]
[[1663 3864 1879 4027]]
[[2977 2638 3077 2501]]
[[1906 1870 2183 2079]]
[[4086 2524 4219 2625]]
[[2297 1856 2373 1755]]
[[ 848 4199 1008 4320]]
[[3881 3087 3986 2943]]
[[3875 3083 3961 2973]]
[[2850 2769 2968 2858]]
[[2164 2037 2320 2155]]
[[1353 2320 1457 2401]]
[[2624 1276 2915 1487]]
[[3879 2090 3996 1934]]
[[ 195 3864  290 3738]]
[[1705 2372 1856 2486]]
[[3089 1973 3303 1689]]
[[1877 1850 2006 1947]]
[[ 738 4492  919 4629]]
[[4156 2737 4265 2592]]
[[1695 2712 1857 2838]]
[[1429 1550 1619 1298]]
[[2447 1821 2569 1913]]
[[1380 2344 1579 2494]]
[[2352 1645 2500 1761]]
[[4147 2723 4221 2622]]
[[1905 2866 2037 2691]]
[[ 890 4586 1023 4686]]
[[2648 2808 2779 2907]]
[[1131 2595 1221 2480]]
[[1164 1400 1295 1226]]
[[3326 1649 3432 1508]]
[[2595 1234 2754 1354]]
[[1149 1438 1329 1199]]
[[1342 1658 1448 1738]]
[[1906 2529 1997 2408]]
[[1991 3219 2099 3301]]
[[3747 2308 3844 2179]]
[[1148 1436 1328 1198]]
[[2383 1898 2488 1978]]
[[2589  850 2707  942]]
[[1560 1798 1646 1684]]
[[1339 4360 1467 4457]]
[[1564 3781 1678 3867]]
[[3709 2466 3841 2291]]
[[ 559 3916  792 4091]]
[[1850 2230 2008 2349]]
[[4143 2722 4220 2620]]
[[1911 2529 1993 2420]]
[[1665 1714 1771 1563]]
[[1148 1434 1323 1202]]
[[3883 2185 3960 2083]]
[[3085 2493 3178 2366]]
[[3630 2938 3725 2808]]
[[1609 2495 1728 2584]]
[[ 862 4564  978 4646]]
[[3005 1356 3089 1244]]
[[1471 4160 1690 4325]]
[[3882 2091 3997 1938]]
[[3644 2973 3775 3079]]
[[1673 3866 1872 4016]]
[[2390 1892 2505 1982]]
[[2383 1672 2494 1759]]
[[3489 1551 3625 1654]]
[[2164 2038 2306 2145]]
[[1263 1766 1345 1657]]
[[ 591 3339  679 3223]]
[[1701 2372 1803 2449]]
[[1558 3791 1732 3922]]
[[2395 3060 2606 3219]]
[[1977 2148 2096 2238]]
[[ 403 4172  548 4285]]
[[1775 3502 2148 3783]]
[[ 741 4490  880 4595]]
[[2415 1361 2601 1114]]
[[2444 1820 2564 1911]]
[[ 924 2892 1010 2782]]
[[3488 2842 3604 2688]]
[[4088 2523 4198 2605]]
[[2686 1322 2914 1488]]
[[1702 2372 1815 2457]]
[[3631 2938 3748 2777]]
[[1115 4754 1219 4830]]
[[1359 4386 1566 4542]]
[[2239 2940 2353 3026]]
[[ 392 4161  534 4272]]
[[3669 2407 3759 2288]]
[[1329 2436 1444 2523]]
[[3091 1976 3270 1739]]
[[1231  905 1315  797]]
[[2647 1286 2846 1436]]
[[1204 1366 1329 1200]]
[[1641 2880 1793 2999]]
[[4087 2526 4214 2622]]
[[1997 3208 2104 3288]]
[[1607 2496 1724 2587]]
[[1354 1648 1517 1432]]
[[1573 4253 1719 4360]]
[[3645 2973 3778 3077]]
[[ 181 4042  283 4122]]
[[2533 3172 2664 3271]]
[[1630 1761 1724 1628]]
[[3036 2201 3136 2276]]
[[1937 2101 2068 2200]]
[[ 866 2970  945 2869]]
[[2817 2127 3141 2371]]
[[1571 3782 1672 3858]]
[[2094 3293 2362 3495]]
[[2005 3212 2154 3324]]
[[1775 3504 2042 3705]]
[[2764 1366 2878 1452]]
[[3630 2944 3716 2829]]
[[2230 2109 2372 2216]]
[[2634 2801 2796 2923]]
[[2461 1707 2657 1855]]
[[1391 4412 1531 4517]]
[[3751 2244 3837 2130]]
[[2902 2810 3003 2886]]
[[3753 2749 3837 2637]]
[[2646 1276 2880 1452]]
[[2254  599 2361  680]]
[[3813 2215 3986 1985]]
[[3721 2455 3818 2322]]
[[ 547 3990  653 4070]]
[[3880 2091 3995 1938]]
[[1983 2457 2083 2533]]
[[ 838 4567  941 4430]]
[[1302 4341 1411 4423]]
[[3727 3014 3844 3105]]
[[1686 1685 1769 1567]]
[[3671 2864 3955 2488]]
[[ 850 4197  981 4296]]
[[1574 4256 1711 4355]]
[[2276 1570 2405 1667]]
[[3879 2091 3992 1941]]
[[1428 2071 1562 1894]]
[[2572 2382 2678 2241]]
[[1400 2494 1525 2588]]
[[1729 1528 1834 1383]]
[[1307 4336 1414 4414]]
[[1722 3900 1942 4066]]
[[2492 3130 2637 3239]]
[[4087 2523 4212 2617]]
[[2263 2130 2375 2214]]
[[2894 2749 2979 2632]]
[[2048 3700 2162 3786]]
[[3488 2844 3616 2674]]
[[ 430 4190  568 4294]]
[[1885 3572 2036 3686]]
[[3690 2860 3800 2715]]
[[1325 1826 1411 1716]]
[[3087 1969 3195 1826]]
[[2183 3348 2322 3453]]
[[2594 1251 2694 1326]]
[[1342 4073 1608 4274]]
[[2570 2382 2685 2230]]
[[1995 3208 2119 3301]]
[[1148 1438 1255 1295]]
[[1558 3790 1929 4070]]
[[1807 2203 1903 2076]]
[[2442 2623 2542 2698]]
[[2191 2081 2304 2166]]
[[1347 4068 1452 4147]]
[[2448 3098 2551 3176]]
[[3694 2853 3775 2742]]
[[2334 2298 2426 2176]]
[[2823 2130 2971 2241]]
[[3898 2105 3988 1986]]
[[2793 1389 2921 1486]]
[[1275 1255 1381 1115]]
[[3089 1974 3417 1538]]
[[3287 1701 3416 1530]]
[[1573 3798 1679 3878]]
[[2087 2509 2174 2402]]
[[2047 3694 2152 3773]]
