1.595 40.0925 : 2.935 38.3125
5.055 35.462500000000006 : 7.715 31.9325
19.985 5.2025 : 24.755 8.7925
27.685 17.822499999999998 : 30.395 14.232500000000002
32.425000000000004 14.592500000000001 : 34.055 15.822500000000002
7.075 32.802499999999995 : 7.975 31.6125
22.865 24.572499999999998 : 26.634999999999998 19.5625
22.925 24.4325 : 26.615 19.5325
23.925 22.912499999999998 : 24.875 21.6125
28.275 29.5825 : 29.085 28.5025
16.115 45.7325 : 17.155 44.362500000000004
10.175 28.6425 : 12.305000000000001 25.8125
28.495 28.6325 : 31.465 24.6925
30.895 20.6825 : 34.195 16.302500000000002
19.435 28.732499999999998 : 20.235 27.662499999999998
32.475 14.592500000000001 : 34.075 15.8025
28.555 28.7025 : 31.965 31.2725
11.965000000000002 10.482500000000002 : 13.395000000000001 8.5725
7.305 45.5625 : 8.865 46.74250000000001
14.315000000000001 22.912499999999998 : 15.095 21.8825
9.595 14.352500000000001 : 11.205000000000002 15.562500000000002
25.165 33.9525 : 25.974999999999998 32.8825
11.535 15.822500000000002 : 12.705000000000002 16.7025
27.585 17.8125 : 29.715 14.892500000000002
13.865 7.9125 : 16.415 4.5225
23.575 35.862500000000004 : 24.565 34.5525
10.065000000000001 28.3825 : 10.875000000000002 27.3825
27.735 17.7025 : 30.365 14.2125
28.925 28.3625 : 32.055 24.2125
11.535 15.842500000000001 : 12.675 16.7025
3.705 42.8425 : 6.685 45.0825
20.025 5.1925 : 21.535 6.3325
13.755 23.6925 : 14.775 22.3325
14.815000000000001 22.4925 : 15.895000000000001 21.1525
24.724999999999998 14.9525 : 27.005 11.922500000000001
10.025 28.6225 : 11.385000000000002 26.8125
25.185 33.9525 : 26.265 32.5225
15.825000000000001 25.8825 : 18.205 22.732499999999998
30.705 20.7925 : 34.325 15.982500000000002
20.285 27.9425 : 21.265 26.6025
34.225 15.9525 : 36.255 17.482499999999998
20.705 15.092500000000001 : 26.625 19.5525
13.845 23.6025 : 15.495000000000001 21.4225
14.095 25.982499999999998 : 18.825 29.5425
11.595 10.892500000000002 : 13.595 8.2425
14.455000000000002 21.3925 : 17.245 17.6825
13.455000000000002 17.2925 : 15.895000000000001 19.1325
28.544999999999998 16.5425 : 30.395 13.992500000000001
36.585 25.1925 : 39.48500000000001 21.3525
14.315000000000001 48.0925 : 15.165000000000001 46.962500000000006
21.585 6.2125 : 23.765 7.8525
13.505 17.5125 : 16.365 13.722500000000002
10.055000000000001 47.6625 : 12.675 49.6325
28.485 28.5825 : 30.724999999999998 25.6125
9.495000000000001 13.732500000000002 : 10.715000000000002 12.102500000000001
20.655 15.012500000000001 : 25.505 18.6725
24.275 27.3325 : 28.165 30.2725
30.724999999999998 20.822499999999998 : 33.665000000000006 16.9125
26.235 9.7025 : 27.724999999999998 10.822500000000002
7.385 45.8325 : 10.295000000000002 48.032500000000006
28.185 22.232499999999998 : 31.465 24.7025
18.925 29.7625 : 20.015 28.322499999999998
28.474999999999998 28.6125 : 31.445 24.6725
11.275 27.2025 : 12.355 25.822499999999998
18.265 22.6925 : 19.025 21.6425
10.025 28.5925 : 10.815000000000001 27.5425
32.775000000000006 32.0625 : 35.725 28.1425
9.085 30.0825 : 10.155000000000001 28.7125
16.515 45.4125 : 17.445 44.17250000000001
40.655 29.6025 : 43.245000000000005 26.1725
30.805 20.8525 : 34.465 15.992500000000001
13.885000000000002 48.6625 : 14.835 47.4425
37.015 29.1825 : 39.585 25.7725
23.724999999999998 23.1125 : 25.075 21.3125
36.425000000000004 30.1525 : 39.675000000000004 25.8325
13.225000000000001 25.2725 : 15.535000000000002 27.0125
18.265 16.302500000000002 : 19.044999999999998 15.232500000000002
29.615 27.5025 : 31.965 24.3825
36.075 30.3825 : 39.585 25.732499999999998
18.915 19.4925 : 21.634999999999998 21.5425
13.545000000000002 24.1825 : 14.995000000000001 22.3325
9.415000000000001 29.6325 : 10.655000000000001 28.0425
21.395 6.2125 : 24.465 8.5225
30.585 23.1325 : 32.065000000000005 24.2425
3.415 42.8325 : 6.3950000000000005 45.072500000000005
13.425 41.682500000000005 : 17.115 44.462500000000006
23.634999999999998 35.8025 : 24.575 34.5525
19.205 17.0225 : 20.075 15.9425
13.495000000000001 17.4725 : 15.175 18.7425
25.165 34.0125 : 26.175 32.6625
32.745000000000005 32.042500000000004 : 35.705000000000005 28.1125
37.955000000000005 33.1925 : 39.995000000000005 30.3825
23.585 15.3625 : 26.044999999999998 12.092500000000001
24.285 27.3925 : 26.145 28.7925
10.185 28.6325 : 11.305000000000001 27.2025
25.835 9.422500000000001 : 27.705 10.832500000000001
8.195 46.2625 : 9.885000000000002 47.542500000000004
36.695 24.9925 : 39.865 20.7925
15.885000000000002 46.5625 : 16.755 45.362500000000004
3.705 42.8325 : 5.965 44.532500000000006
25.075 27.6725 : 28.905 30.5625
15.595 38.8125 : 20.235 42.3025
39.205000000000005 31.072499999999998 : 40.755 29.0125
3.435 42.99250000000001 : 4.775 44.002500000000005
38.48500000000001 32.0725 : 40.795 29.0025
12.095 25.6025 : 13.485000000000001 23.8325
10.895000000000001 27.5125 : 11.775 26.3025
1.645 41.4825 : 2.975 42.4825
15.795000000000002 25.8825 : 18.025 22.9225
15.065000000000001 22.1725 : 15.885000000000002 21.1525
5.635 40.0825 : 8.235000000000001 42.042500000000004
24.384999999999998 27.1825 : 27.435 29.482499999999998
14.475000000000001 21.412499999999998 : 15.795000000000002 19.662499999999998
28.935 28.4225 : 29.945 27.0825
20.755 39.5925 : 21.665 38.3825
10.745000000000001 27.6425 : 11.625000000000002 26.482499999999998
23.564999999999998 15.322500000000002 : 24.735 13.7725
14.005 17.8825 : 15.155000000000001 18.752499999999998
18.224999999999998 18.3125 : 19.145 17.1425
39.255 31.4425 : 40.415000000000006 29.8425
13.505 41.612500000000004 : 17.245 44.432500000000005
13.545000000000002 24.2025 : 15.005 22.322499999999998
2.805 44.072500000000005 : 3.745 42.8325
20.435 33.352500000000006 : 23.945 36.002500000000005
16.035 25.912499999999998 : 17.105 24.5425
5.945 34.3425 : 6.795 33.17250000000001
19.375 21.9525 : 20.705 22.9525
19.715 4.9725 : 21.685 6.4525
28.145 30.0225 : 28.945 28.9525
15.585 38.852500000000006 : 19.325 41.67250000000001
16.654999999999998 39.642500000000005 : 20.224999999999998 42.3325
17.134999999999998 17.8825 : 18.235 16.3225
29.865 29.6425 : 32.815000000000005 31.8725
10.915000000000001 27.2525 : 12.135000000000002 25.7425
20.685 39.612500000000004 : 21.665 38.362500000000004
11.155000000000001 15.572500000000002 : 13.935 11.8825
40.895 29.322499999999998 : 43.015 26.5125
25.065 14.432500000000001 : 26.995 11.8725
10.175 28.6225 : 11.595 26.7425
26.485 9.922500000000001 : 27.685 10.832500000000001
15.295000000000002 15.102500000000001 : 16.335 13.7125
0.535 40.8825 : 1.7049999999999998 41.7625
41.705000000000005 27.7725 : 42.725 26.4225
17.765 35.962500000000006 : 21.495 38.7725
28.175 22.1725 : 31.455 24.6425
36.30500000000001 30.3725 : 37.185 29.2025
15.295000000000002 6.0825 : 16.305 4.7325
41.565000000000005 28.2725 : 43.195 26.1825
13.435 41.7325 : 16.055 43.7025
22.445 30.4025 : 23.835 31.4525
28.905 21.8025 : 30.325 22.9525
12.085 25.6025 : 13.455000000000002 23.8525
13.435 44.67250000000001 : 15.665000000000001 46.352500000000006
34.885000000000005 29.3625 : 36.045 27.822499999999998
21.675 21.2425 : 23.195 19.2225
36.625 29.9325 : 39.715 25.8325
15.615000000000002 38.8325 : 17.275 40.0825
16.085 45.7025 : 17.134999999999998 44.362500000000004
15.625000000000002 38.7625 : 19.405 41.602500000000006
19.915 33.0825 : 22.865 35.3025
18.064999999999998 27.6725 : 19.425 28.732499999999998
41.55500000000001 28.2525 : 43.115 26.1725
14.165000000000001 48.24250000000001 : 15.135000000000002 46.99250000000001
2.015 41.5225 : 3.575 42.7325
28.155 30.0225 : 28.965 28.982499999999998
21.645 21.322499999999998 : 23.745 18.5325
10.535 27.7425 : 12.005 25.9225
3.585 43.0625 : 4.515 41.822500000000005
14.785000000000002 22.572499999999998 : 15.665000000000001 21.4525
30.195 29.9525 : 34.155 32.932500000000005
28.134999999999998 30.0125 : 28.925 28.9625
13.195 17.9525 : 15.575000000000001 14.7925
17.785 35.9025 : 21.715 38.862500000000004
41.475 28.2425 : 42.475 26.9625
19.915 33.1325 : 21.205 34.102500000000006
38.815000000000005 31.822499999999998 : 40.155 29.9725
1.555 41.542500000000004 : 2.665 42.3825
15.885000000000002 46.5825 : 16.665 45.502500000000005
19.355 22.1125 : 20.775 23.2225
26.345 28.9525 : 28.884999999999998 30.8025
25.165 33.9925 : 26.165 32.6625
39.325 30.9025 : 40.535000000000004 29.3025
3.445 43.0125 : 4.565 43.852500000000006
13.535000000000002 24.1425 : 15.845 25.8825
24.695 14.932500000000001 : 26.755 12.2025
22.395 30.3525 : 25.884999999999998 32.9825
15.695 26.072499999999998 : 17.465 27.4525
19.955 33.032500000000006 : 23.564999999999998 35.752500000000005
38.825 31.8125 : 39.755 30.6225
18.195 36.322500000000005 : 21.384999999999998 38.7325
16.245 39.17250000000001 : 19.275 41.462500000000006
11.195 15.572500000000002 : 13.965000000000002 11.892500000000002
1.7449999999999999 41.3325 : 3.055 42.352500000000006
3.495 42.92250000000001 : 5.465 44.4025
11.185 26.9025 : 12.095 25.7725
18.915 29.732499999999998 : 20.794999999999998 27.232499999999998
24.705 14.9525 : 26.995 11.922500000000001
13.465000000000002 41.6225 : 17.215 44.4525
13.195 25.2825 : 14.525 26.2825
20.905 26.072499999999998 : 22.365 24.2025
5.205 35.322500000000005 : 5.935 34.322500000000005
24.945 32.3925 : 26.105 33.292500000000004
20.755 26.2025 : 22.345 24.1725
5.575 44.2625 : 6.675 45.0925
24.474999999999998 35.1625 : 25.305 34.102500000000006
23.724999999999998 35.6325 : 24.555 34.5225
11.955000000000002 10.482500000000002 : 12.835 9.312500000000002
16.035 25.8725 : 17.085 24.5225
5.585 40.0825 : 8.885000000000002 42.572500000000005
32.535000000000004 18.572499999999998 : 33.575 17.1925
12.245000000000001 25.3825 : 13.605 23.5825
14.555000000000001 26.1525 : 16.085 27.3525
19.425 16.7725 : 20.695 15.0225
5.585 40.0925 : 7.915 41.852500000000006
35.405 16.7925 : 36.615 17.7425
14.415000000000001 26.1825 : 18.544999999999998 29.2925
13.925 45.0525 : 16.505 46.99250000000001
23.564999999999998 15.332500000000001 : 26.015 12.082500000000001
7.235 42.1625 : 9.735000000000001 44.042500000000004
7.425 45.9525 : 8.545000000000002 46.8025
0.535 40.852500000000006 : 1.7249999999999999 41.752500000000005
3.405 43.24250000000001 : 4.295 42.072500000000005
29.835 14.9425 : 30.724999999999998 13.762500000000001
19.375 22.1125 : 20.794999999999998 23.1825
18.115 36.102500000000006 : 21.605 38.7325
8.485000000000001 30.8825 : 10.165000000000001 28.7225
17.905 18.7725 : 21.835 21.732499999999998
7.3950000000000005 45.8725 : 9.195 47.2325
8.475000000000001 46.782500000000006 : 9.655000000000001 47.67250000000001
22.325 6.7425 : 24.805 8.6125
19.675 16.6125 : 20.564999999999998 15.472500000000002
32.625 14.752500000000001 : 34.045 15.822500000000002
6.875 41.8825 : 8.645000000000001 43.17250000000001
36.945 24.7025 : 38.465 22.6825
3.465 42.972500000000004 : 4.895 44.0125
17.025 18.0225 : 18.085 16.5225
21.655 21.322499999999998 : 22.665 19.982499999999998
13.565000000000001 23.9625 : 15.475000000000001 21.4225
26.435 13.822500000000002 : 29.165 15.8825
20.005 33.0225 : 21.544999999999998 34.182500000000005
21.544999999999998 15.832500000000001 : 22.655 16.7325
18.165 22.8525 : 19.005 21.7425
25.185 33.8125 : 25.915 32.8125
20.215 28.072499999999998 : 22.095 25.5825
22.425 30.3325 : 25.895 32.9525
22.985 16.9925 : 25.015 18.5225
25.695 24.7625 : 27.645 22.1725
13.505 17.4625 : 14.595 18.2925
23.835 19.9625 : 25.435 21.1725
14.565000000000001 26.1425 : 17.585 28.412499999999998
23.575 15.3625 : 26.044999999999998 12.082500000000001
19.474999999999998 28.732499999999998 : 20.974999999999998 26.6725
7.295 45.92250000000001 : 8.305000000000001 46.6525
14.685 45.6325 : 16.505 47.0125
20.035 24.4625 : 21.044999999999998 23.162499999999998
7.525 47.5125 : 9.115 45.3325
11.495000000000001 15.322500000000002 : 13.295000000000002 12.932500000000001
38.505 32.0725 : 40.025000000000006 30.1325
17.425 27.2025 : 18.505 28.0425
13.955000000000002 17.8825 : 15.125000000000002 18.7625
36.785000000000004 24.5425 : 37.705000000000005 23.3325
22.095 30.2425 : 24.425 31.9925
41.575 28.322499999999998 : 42.875 26.6525
14.455000000000002 42.3825 : 17.155 44.4125
38.315000000000005 27.4325 : 39.265 26.1725
34.905 29.3925 : 36.165000000000006 27.7225
13.445 17.5125 : 15.095 18.7625
10.645000000000001 28.0225 : 11.445 27.0025
8.355 46.392500000000005 : 10.925 48.3325
13.055000000000001 44.4125 : 15.095 45.9525
36.05500000000001 30.482499999999998 : 37.205000000000005 28.9525
19.724999999999998 4.9625 : 24.745 8.7425
14.555000000000001 7.0025 : 16.544999999999998 4.3625
13.445 17.3925 : 15.215000000000002 18.7225
15.635000000000002 38.752500000000005 : 16.955 39.74250000000001
13.735000000000001 44.9425 : 16.495 47.0225
13.425 41.67250000000001 : 15.425 43.17250000000001
19.035 21.6425 : 21.044999999999998 23.1525
3.785 43.24250000000001 : 4.935 44.102500000000006
13.755 24.322499999999998 : 14.785000000000002 25.1325
28.224999999999998 22.2125 : 31.455 24.6525
25.065 18.3625 : 26.605 19.5225
20.705 15.0425 : 23.044999999999998 16.802500000000002
21.455 31.162499999999998 : 22.224999999999998 30.1425
8.955000000000002 43.3125 : 10.105 44.112500000000004
21.125 6.0525 : 24.315 8.4525
25.765 20.6725 : 26.615 19.5425
11.535 15.8025 : 12.725000000000001 16.7025
22.105 30.2025 : 24.685 32.1525
25.884999999999998 13.3625 : 29.185 15.852500000000001
36.755 24.5425 : 37.675000000000004 23.322499999999998
27.065 18.4325 : 28.985 15.8825
13.445 17.4025 : 15.215000000000002 18.732499999999998
23.515 31.1725 : 24.965 32.2625
13.925 23.6825 : 14.725000000000001 22.662499999999998
28.515 28.6425 : 29.925 29.6725
25.865 13.402500000000002 : 27.335 14.512500000000001
34.23500000000001 15.922500000000001 : 35.675000000000004 17.0125
23.655 17.2925 : 24.855 18.1925
8.955000000000002 30.2925 : 9.805000000000001 29.2025
17.775 35.9525 : 19.155 36.99250000000001
24.425 27.1725 : 25.425 27.9225
36.795 24.5425 : 37.695 23.3525
28.915 28.3925 : 30.525 26.2525
27.405 14.392500000000002 : 29.155 15.7125
36.55500000000001 25.2025 : 37.725 23.6425
8.355 46.362500000000004 : 9.695 47.3325
38.045 18.8425 : 39.045 19.6025
24.384999999999998 27.1725 : 26.145 28.4925
17.915 18.7625 : 21.705 21.6125
8.415000000000001 46.7625 : 9.655000000000001 47.7025
22.095 30.2125 : 25.835 33.032500000000006
37.025000000000006 30.9525 : 38.725 32.192499999999995
28.175 22.2125 : 31.415 24.6525
24.205 22.8025 : 25.005 21.7425
38.645 32.2025 : 39.685 30.7725
24.395 27.2025 : 28.865 30.572499999999998
3.575 43.0825 : 4.865 41.3825
7.3950000000000005 45.892500000000005 : 8.885000000000002 47.0125
15.485000000000001 14.8625 : 16.365 13.7025
13.255 25.2725 : 14.445 26.1725
19.884999999999998 16.4325 : 20.855 15.182500000000001
39.815000000000005 30.7125 : 40.785000000000004 29.3325
38.815000000000005 31.9325 : 39.855000000000004 30.4925
41.565000000000005 28.2025 : 42.445 27.1125
19.085 26.2625 : 19.974999999999998 25.072499999999998
19.064999999999998 26.232499999999998 : 19.974999999999998 25.0225
4.035 42.642500000000005 : 5.635 43.892500000000005
33.335 31.4325 : 34.495000000000005 29.8925
9.595 14.332500000000001 : 10.805000000000001 15.242500000000001
23.445 17.3825 : 25.005 18.5525
21.605 6.2125 : 24.855 8.6625
20.765 23.1525 : 21.535 22.1025
19.814999999999998 22.2725 : 21.055 23.2025
20.224999999999998 16.9125 : 21.215 15.602500000000001
21.845 34.472500000000004 : 22.974999999999998 35.322500000000005
23.435 31.232499999999998 : 24.625 32.1325
18.345 16.2325 : 19.195 15.072500000000002
23.724999999999998 35.642500000000005 : 24.555 34.542500000000004
31.735 19.572499999999998 : 34.445 15.982500000000002
25.724999999999998 24.7725 : 27.715 22.1325
13.705000000000002 24.0125 : 14.505 22.982499999999998
11.875000000000002 14.7725 : 13.235000000000001 12.9625
23.835 19.9225 : 25.275 21.0125
18.485 23.252499999999998 : 19.974999999999998 24.3325
0.525 40.862500000000004 : 1.7149999999999999 41.7625
20.535 16.2925 : 21.555 17.0325
37.335 18.3125 : 38.355000000000004 19.0525
13.725000000000001 23.7125 : 15.455000000000002 21.4225
27.335 29.7025 : 28.915 30.8525
10.095 47.682500000000005 : 12.495000000000001 49.4825
15.875000000000002 19.1025 : 17.455 16.9225
17.314999999999998 24.8625 : 18.845 26.0125
4.035 42.6625 : 5.615 43.892500000000005
13.895000000000001 42.0825 : 15.285000000000002 43.1325
16.105 26.3825 : 17.474999999999998 27.4525
41.435 28.162499999999998 : 42.885000000000005 26.232499999999998
17.925 27.5525 : 19.474999999999998 28.7225
17.915 18.752499999999998 : 20.195 20.4625
17.645 25.1425 : 18.375 24.1325
24.455 19.1125 : 25.715 20.0625
17.235 16.2425 : 18.415 14.6125
16.825 17.8525 : 17.645 16.7125
7.385 45.852500000000006 : 9.235000000000001 47.252500000000005
25.935 13.312500000000002 : 27.575 14.5425
18.445 14.592500000000001 : 19.985 15.672500000000001
16.634999999999998 39.5825 : 17.745 40.42250000000001
20.724999999999998 22.9225 : 21.715 21.6125
19.025 36.92250000000001 : 21.195 38.5525
5.885 34.4025 : 6.635 33.3725
18.055 22.9925 : 19.064999999999998 21.6525
38.025000000000006 28.0325 : 39.275000000000006 26.3725
30.015 22.6725 : 31.985 24.1525
20.935 33.8825 : 23.884999999999998 36.102500000000006
41.605000000000004 28.2625 : 42.55500000000001 27.0425
21.825 21.6325 : 23.755 23.0825
25.205 32.582499999999996 : 26.325 33.4025
17.905 18.7925 : 19.314999999999998 19.8525
17.015 24.2725 : 18.035 22.9225
19.724999999999998 22.1725 : 21.055 23.1725
1.645 41.472500000000004 : 2.665 42.24250000000001
29.535 22.3425 : 32.025000000000006 24.2225
13.355 17.7025 : 14.315000000000001 16.3825
21.825 21.6725 : 23.765 23.1325
25.335 18.6025 : 26.585 19.5525
4.145 42.292500000000004 : 5.315 40.74250000000001
18.555 23.2725 : 19.345 22.1325
39.98500000000001 30.4225 : 40.775000000000006 29.3325
20.055 24.4225 : 21.035 23.1725
17.224999999999998 24.8325 : 18.585 25.8525
38.605000000000004 19.232499999999998 : 39.675000000000004 20.072499999999998
28.175 22.1925 : 31.465 24.6725
15.785000000000002 25.8825 : 16.794999999999998 24.5425
11.275 15.4525 : 13.615 12.352500000000001
36.505 30.7025 : 37.755 31.6725
22.845 19.6725 : 23.735 18.4925
16.465 39.352500000000006 : 19.425 41.5825
9.715000000000002 47.3825 : 12.335 49.352500000000006
22.724999999999998 30.5525 : 25.634999999999998 32.7425
3.945 41.3325 : 4.825 40.17250000000001
13.195 44.4125 : 14.505 45.3325
17.294999999999998 16.2125 : 18.435 14.6325
9.045000000000002 43.3825 : 10.115 44.1325
16.825 30.0525 : 17.935 30.9225
11.165000000000001 15.572500000000002 : 12.245000000000001 14.142500000000002
13.025 44.352500000000006 : 14.115 45.17250000000001
29.505 27.2825 : 31.465 24.6825
7.775 42.5625 : 9.555000000000001 43.862500000000004
37.585 23.3525 : 38.715 21.8525
14.815000000000001 18.2825 : 15.925 19.1125
14.695 25.9725 : 15.995000000000001 27.1025
20.025 24.5125 : 21.035 23.2225
5.625 40.0825 : 7.745 41.682500000000005
9.385000000000002 29.7125 : 10.165000000000001 28.7125
22.965 16.9925 : 25.005 18.5225
19.865 16.4625 : 20.905 15.172500000000001
19.715 4.9825 : 20.715 5.7325
5.105 35.3825 : 6.365 33.712500000000006
38.095000000000006 23.2025 : 39.225 21.7025
37.945 33.222500000000004 : 38.975 31.8625
9.505 13.722500000000002 : 10.415000000000001 12.5225
27.065 18.4925 : 27.955 17.3025
13.855 48.642500000000005 : 14.755 47.49250000000001
16.715 24.732499999999998 : 17.655 23.482499999999998
17.905 40.4525 : 18.955 41.24250000000001
38.635000000000005 32.2025 : 39.875 30.4925
13.425 41.712500000000006 : 14.815000000000001 42.7625
39.775000000000006 30.6725 : 40.745000000000005 29.3325
19.965 33.0225 : 23.575 35.74250000000001
38.73500000000001 21.9425 : 39.975 20.2925
27.535 14.5425 : 29.125 15.732500000000002
18.835 23.5325 : 19.915 24.3425
27.065 18.4725 : 28.085 17.1225
14.565000000000001 24.9525 : 15.775 25.8725
25.575 13.7925 : 26.495 12.572500000000002
39.335 30.8825 : 40.145 29.8025
24.585 19.2625 : 25.675 20.0525
7.085 42.042500000000004 : 8.975000000000001 43.42250000000001
19.365 22.1525 : 20.465 22.982499999999998
19.445 22.1725 : 20.814999999999998 23.2125
7.615 41.542500000000004 : 8.955000000000002 42.5925
7.8950000000000005 47.1925 : 9.135000000000002 45.5525
31.485 19.7625 : 33.415000000000006 17.2025
37.085 31.0025 : 38.695 32.2125
32.245000000000005 31.5025 : 33.925000000000004 32.7725
32.845000000000006 31.9725 : 33.915000000000006 32.7825
27.474999999999998 14.482500000000002 : 29.195 15.7825
39.685 30.4525 : 40.695 29.1225
28.985 28.3525 : 31.825 24.572499999999998
36.955000000000005 29.4325 : 37.815000000000005 28.2925
10.585 28.072499999999998 : 11.355 27.0525
13.435 17.5225 : 14.585 18.3825
23.645 7.9225 : 24.845 8.8225
12.615 18.6425 : 13.405000000000001 17.592499999999998
36.075 30.4025 : 37.385000000000005 28.662499999999998
30.675 23.1725 : 32.045 24.2125
14.965000000000002 26.0525 : 15.995000000000001 26.7825
40.855000000000004 26.2025 : 42.145 27.1425
13.475000000000001 41.612500000000004 : 15.295000000000002 42.9825
21.355 26.572499999999998 : 22.064999999999998 25.5625
21.685 21.3125 : 23.495 22.6825
13.755 11.7725 : 14.805000000000001 12.6225
4.345 42.0825 : 5.355 40.74250000000001
37.775000000000006 28.072499999999998 : 38.725 26.8025
33.265 17.4225 : 34.345000000000006 15.992500000000001
18.495 36.42250000000001 : 20.585 38.002500000000005
24.285 27.3825 : 27.095 29.4925
34.225 15.932500000000001 : 36.445 17.6125
40.895 26.1725 : 42.185 27.1425
23.875 19.9425 : 25.145 20.9025
7.795 46.2025 : 8.845 46.99250000000001
13.065000000000001 44.2725 : 14.305000000000001 45.17250000000001
37.505 23.3925 : 38.695 21.8025
1.305 41.0125 : 2.3449999999999998 41.822500000000005
36.345000000000006 30.4025 : 38.335 31.8925
19.705 25.3925 : 21.145 26.5125
40.815000000000005 26.2625 : 42.035000000000004 27.2125
21.105 25.822499999999998 : 22.345 24.2425
25.705 24.7625 : 27.685 22.1425
19.015 36.932500000000005 : 20.955 38.392500000000005
29.185 29.162499999999998 : 30.285 29.9925
15.895000000000001 19.1025 : 16.965 17.6325
13.415000000000001 17.5225 : 14.485000000000001 18.322499999999998
25.035 18.3325 : 26.165 19.1825
8.365 46.3725 : 9.325000000000001 45.142500000000005
25.724999999999998 24.7625 : 26.955 23.1325
28.895 28.1125 : 29.965 26.6925
29.915 29.7025 : 31.255 30.7125
13.955000000000002 7.7725 : 14.805000000000001 6.6425
15.905000000000001 19.0325 : 16.985 17.5525
18.945 29.6825 : 20.355 27.8125
27.835 17.482499999999998 : 28.605 16.4525
17.675 25.1225 : 18.575 23.9325
37.785000000000004 28.072499999999998 : 38.745000000000005 26.8025
3.915 43.002500000000005 : 5.325 44.102500000000006
22.685 7.1725 : 23.724999999999998 7.9525
16.485 29.8525 : 17.935 30.9525
40.785000000000004 26.3025 : 41.965 27.1925
17.805 35.892500000000005 : 20.595 37.99250000000001
14.555000000000001 26.162499999999998 : 15.615000000000002 26.9925
8.275 42.9525 : 9.705000000000002 44.032500000000006
15.915000000000001 27.1825 : 17.275 28.2025
22.884999999999998 24.4925 : 25.165 21.4725
13.275 17.1325 : 15.915000000000001 19.1225
40.885000000000005 26.1725 : 42.285000000000004 27.2225
12.045000000000002 14.602500000000001 : 13.295000000000002 12.9425
38.845000000000006 22.8025 : 39.635000000000005 21.7625
25.935 13.262500000000001 : 27.544999999999998 14.482500000000002
23.134999999999998 17.1325 : 25.005 18.5425
21.845 34.42250000000001 : 23.025 35.3125
20.945 33.8725 : 23.685 35.9425
14.975000000000001 15.5525 : 16.195 13.932500000000001
15.725000000000001 43.42250000000001 : 17.115 44.472500000000004
11.145000000000001 15.572500000000002 : 12.345 13.982500000000002
16.825 24.572499999999998 : 18.605 22.2125
36.625 30.8025 : 37.785000000000004 31.7125
26.685 13.9625 : 27.974999999999998 14.932500000000001
19.865 25.3325 : 20.875 26.0925
38.545 22.5525 : 39.865 20.8025
21.485 34.1925 : 23.695 35.852500000000006
3.975 42.502500000000005 : 4.845 41.352500000000006
36.715 29.8025 : 38.005 28.0925
13.595 44.7025 : 14.705000000000002 45.5125
9.585 14.332500000000001 : 11.045000000000002 15.432500000000001
14.925 26.4325 : 16.025 27.2925
37.685 23.2025 : 38.695 21.8625
17.025 24.662499999999998 : 18.405 25.7025
38.915000000000006 21.6825 : 39.965 20.2825
17.595 40.3325 : 18.884999999999998 41.3025
9.805000000000001 13.2725 : 10.705000000000002 12.1125
13.265 19.2025 : 14.135000000000002 18.0925
24.485 22.0925 : 25.285 21.0225
33.545 31.1725 : 34.495000000000005 29.9525
9.015 46.852500000000006 : 10.145000000000001 47.67250000000001
21.665 21.3325 : 23.015 22.3525
30.535 30.162499999999998 : 32.825 31.8825
26.935 14.172500000000001 : 28.325 15.2125
24.365 31.8025 : 25.665 32.7825
5.735 40.182500000000005 : 7.075 41.1925
25.555 28.0225 : 26.755 28.9225
21.925 21.7125 : 23.064999999999998 22.572499999999998
17.365 16.122500000000002 : 18.474999999999998 14.602500000000001
12.465000000000002 9.822500000000002 : 13.295000000000002 8.7225
15.695 38.74250000000001 : 16.735 39.532500000000006
10.445 28.2925 : 11.305000000000001 27.1925
14.495000000000001 26.2625 : 15.495000000000001 27.0225
37.025000000000006 29.1125 : 38.765 26.7925
18.495 23.2425 : 19.525 23.9925
16.335 39.4125 : 19.285 41.6325
30.875 20.6325 : 32.705000000000005 18.2025
33.195 31.4325 : 34.255 30.0225
22.095 30.232499999999998 : 23.355 31.1825
11.485000000000001 15.312500000000002 : 13.285000000000002 12.922500000000001
31.765 31.1025 : 32.775000000000006 31.8625
39.455000000000005 31.1725 : 40.355000000000004 29.9325
38.625 22.482499999999998 : 39.885000000000005 20.8025
4.355 42.0225 : 5.235 40.852500000000006
34.245000000000005 15.9425 : 35.385000000000005 16.802500000000002
32.435 14.582500000000001 : 33.645 15.492500000000001
13.695 17.482499999999998 : 14.845 18.3525
19.955 37.6625 : 21.285 38.6625
32.935 31.8325 : 33.865 30.6025
19.064999999999998 26.2225 : 19.945 25.0525
30.925 20.7025 : 34.315000000000005 16.2125
13.075000000000001 44.322500000000005 : 14.105 45.042500000000004
36.345000000000006 30.3625 : 37.355000000000004 31.1525
36.265 30.1825 : 38.715 26.9425
33.445 17.1925 : 34.215 16.1725
20.735 22.8925 : 21.535 21.8325
19.805 37.362500000000004 : 21.005 38.2725
21.395 34.2425 : 23.235 35.6225
14.925 6.5525 : 15.895000000000001 5.2625
20.145 37.642500000000005 : 21.384999999999998 38.5825
4.475 42.9825 : 5.685 43.892500000000005
17.855 36.0225 : 19.025 36.9025
20.285 37.792500000000004 : 21.395 38.6325
22.165 21.6925 : 23.495 22.6925
37.895 28.2625 : 39.075 26.7025
13.145000000000001 44.49250000000001 : 15.405000000000001 46.1925
16.985 24.3525 : 18.064999999999998 22.9225
22.724999999999998 30.7225 : 23.735 31.482499999999998
37.55500000000001 23.3425 : 38.435 22.1725
18.415 19.162499999999998 : 19.685 20.1225
14.715000000000002 42.67250000000001 : 16.075 43.7025
15.695 38.9425 : 16.785 39.7625
15.425 43.0825 : 16.735 44.072500000000005
27.485 14.4425 : 28.775 15.422500000000001
26.245 24.0225 : 27.195 22.7625
28.515 28.5525 : 29.695 26.982499999999998
